0.15
0.075
0.04285714285714287
0.3
0.06
0.05000000000000001
0.04285714285714287
0.04285714285714287
0.04285714285714287
0.06
0.075
0.06
0.0375
0.06
0.075
0.05000000000000001
0.075
0.05000000000000001
0.05000000000000001
0.09999999999999999
0.05000000000000001
0.09999999999999999
0.09999999999999999
0.04285714285714287
0.05000000000000001
0.075
0.09999999999999999
0.06
0.06
0.06
0.075
0.04285714285714287
0.06
0.04285714285714287
0.06
0.075
0.05000000000000001
0.15
0.05000000000000001
0.06
0.06
0.06
0.075
0.03333333333333333
0.05000000000000001
0.075
0.075
0.03333333333333333
0.075
0.09999999999999999
